49      0.37        7         0.23
48      0.34        8         0.23
47      0.34        9         0.21
46      0.34        10        0.22
45      0.35        11        0.24
44      0.35        12        0.23
43      0.38        13        0.21
42      0.39        14        0.24
41      0.39        15        0.26
40      0.39        16        0.32
39      0.41        17        0.36
38      0.43        18        0.43
37      0.45        19        0.49
36      0.49        20        0.52
35      0.51        21        0.61
34      0.55        22        0.67
33      0.58        23        0.72
32      0.61        24        0.80
